0 61.609188 61.482555 87.253716
1 63.037922 65.158249 87.056198
2 60.481617 60.612980 68.612450
3 60.930168 64.968376 71.519203
4 58.158451 55.805069 65.482872
5 60.321552 61.049877 84.445404
6 55.766716 54.021332 65.183067
7 56.903545 57.396187 73.655434
8 60.242008 57.572533 72.871765
9 61.183887 59.636780 68.295906
10 55.147861 54.110996 67.136833
11 54.364357 53.293865 64.411423
12 54.070656 51.913258 61.792313
13 56.192574 56.180332 72.759766
14 55.177486 54.664207 57.558960
15 57.396267 55.323841 62.086807
16 50.185448 47.934341 60.589222
17 49.231182 49.561588 60.419731
18 62.193592 59.976242 61.474854
19 62.711575 62.118664 57.353481
20 61.172855 60.246029 62.772686
21 59.836758 59.875191 60.579571
22 55.744331 55.819759 66.321602
23 54.532166 53.879185 66.134682
24 52.726433 50.761841 67.115784
25 58.730629 57.999138 65.064880
26 57.137238 57.376591 59.612320
27 56.073856 54.761978 54.311501
28 56.099152 55.174480 62.213959
29 57.440582 57.477753 67.717911
30 53.629402 53.395607 62.699600
31 56.849014 56.551552 63.343140
32 60.753395 60.218513 64.163956
33 58.963581 59.046001 66.043549
34 54.125927 54.093960 56.702339
35 58.461586 57.323181 67.120621
36 54.595966 54.884758 63.785587
37 58.774017 58.545620 65.787468
38 52.483322 52.240635 57.257313
39 55.524036 55.805405 67.308540
40 57.687466 57.725574 51.223640
41 55.733330 55.607876 60.921726
42 59.909260 59.944775 64.063087
43 52.287430 52.389359 53.104469
44 56.243435 55.569813 60.930370
45 64.617592 64.348595 62.264038
46 58.547882 58.812599 58.320126
47 58.056789 58.055096 57.274178
48 53.945396 53.664822 62.639076
49 50.711620 50.543968 57.796497
50 52.979019 52.865677 55.293678
51 57.123882 56.923553 59.154976
52 53.333572 52.300911 61.406307
53 49.719360 48.708420 59.515717
54 57.801624 58.605732 57.725525
55 57.246887 56.296349 63.138416
56 59.417007 59.063732 60.550018
57 49.016499 48.531986 62.638287
58 63.666687 63.313404 61.625397
59 51.213810 51.098190 58.856937
60 51.690601 51.160740 51.359749
61 56.424290 55.486458 62.244789
62 57.199959 56.364246 61.561340
63 45.087494 44.499401 57.229973
64 51.763206 52.518330 55.238773
65 56.503864 55.247581 59.205418
66 51.254383 50.608746 60.728634
67 53.663727 54.461906 63.757500
68 53.640518 54.024090 56.960125
69 56.558563 56.521828 60.715363
70 54.557613 53.938248 65.024918
71 57.479103 57.510277 54.992580
72 61.034836 60.654877 60.413704
73 53.254326 52.757797 56.769661
74 58.597805 58.509235 58.792484
75 47.548035 48.023205 55.901611
76 54.615078 54.644878 55.550240
77 58.370342 57.731350 58.719429
78 62.591629 62.313202 63.235355
79 57.429764 57.766571 62.195152
80 56.625858 56.182812 58.610321
81 61.030823 61.437687 53.487778
82 52.020077 51.629509 59.822803
83 59.164043 60.073193 57.337360
84 50.505722 50.526402 50.186264
85 54.117065 53.664810 62.591595
86 53.432747 51.355816 55.290024
87 46.950146 46.916225 54.566486
88 46.513237 47.147621 53.204391
89 57.566254 56.831638 53.812027
90 55.322678 54.231102 57.269535
91 48.484200 48.118664 55.294174
92 65.233437 65.671440 66.454407
93 59.207077 60.125347 56.408508
94 57.017963 56.473801 56.417137
95 51.858597 50.559944 56.491463
96 61.683846 61.205795 58.262032
97 60.759808 60.109451 63.944160
98 48.081470 48.831207 56.598019
99 58.642239 57.775669 52.142189
100 55.002182 52.595470 57.762135
