0 50.604984 51.030731 53.453087
1 56.549187 56.237679 52.955326
2 58.739635 67.176926 48.541023
3 48.272472 49.885181 41.273018
4 54.895302 54.256790 44.926434
5 56.207558 49.596405 40.784012
6 362.141418 43.776421 41.769947
7 58.138359 47.538757 42.513969
8 57.684177 47.569405 38.901489
9 55.520370 52.009483 33.290997
10 58.484921 58.798275 39.387524
11 57.589069 55.454586 36.346066
12 56.333744 49.706554 34.260281
13 57.401497 53.984291 35.284054
14 246.421997 48.729546 37.865097
15 169.880264 47.629406 31.944511
16 54.879414 56.776299 34.587128
17 58.578270 55.233196 33.430222
18 55.554089 53.405506 29.058399
19 57.724365 61.950378 37.507675
20 56.440037 49.748970 28.893812
21 59.300751 63.616280 33.096668
22 55.486286 48.145233 25.956352
23 57.955589 54.307911 27.773077
24 55.366867 59.189949 28.587135
25 59.939281 56.548325 28.557388
26 59.796429 61.378948 23.012466
27 55.035763 58.240677 23.032164
28 60.289597 54.495857 27.068024
29 57.483173 53.122746 22.834791
30 53.807720 52.495842 20.804520
31 59.106461 62.010666 21.409330
32 55.680176 55.416264 24.750982
33 277.912506 56.505383 24.954632
34 57.773624 52.133553 20.952024
35 62.236984 60.871056 25.586735
36 56.437725 62.615116 21.543926
37 61.849461 63.579197 22.359867
38 58.834766 54.726540 24.134155
39 59.862576 61.442566 21.410610
40 157.864700 60.990128 21.311499
41 64.089294 63.669117 24.559525
42 61.999588 62.680573 27.587872
43 57.692112 56.071136 25.239609
44 58.716312 60.334698 19.998592
45 56.945076 58.015053 24.619345
46 63.693222 62.071327 27.704304
47 59.272400 57.027847 24.259186
48 61.005627 55.457355 24.485752
49 57.681812 57.854477 19.795803
50 60.555103 61.050842 22.845480
51 59.150936 55.978611 19.689762
52 60.042374 58.389820 20.016087
53 54.685719 51.114101 21.507408
54 54.216034 47.581184 17.953238
55 228.560638 63.469452 21.470562
56 57.622528 54.264290 16.559589
57 345.629486 56.689709 18.015455
58 59.638783 55.963551 21.402491
59 61.132484 61.438122 20.722832
60 58.623871 53.720856 16.610153
61 58.172886 58.096809 17.534153
62 56.031601 53.055279 16.628532
63 54.639389 52.736843 16.765945
64 58.665337 54.376610 17.936712
65 55.362801 42.240662 17.382597
66 58.617111 51.727417 16.007128
67 57.655228 54.015060 15.243287
68 57.889969 52.241070 15.609282
69 60.111706 59.637276 15.818844
70 59.192497 49.256924 20.301975
71 196.287598 58.775620 22.077196
72 57.743374 54.549881 17.551792
73 55.543999 49.620110 18.344585
74 58.154682 55.096439 14.338101
75 58.965073 64.390747 13.931573
76 58.135052 53.518433 13.896770
77 55.176903 62.674820 13.679402
78 57.084377 53.904987 15.904178
79 56.443089 54.330360 16.172413
80 57.873501 61.319214 15.651880
81 235.135544 56.608162 14.731256
82 55.074787 56.097660 12.272512
83 51.070400 41.091049 19.145115
84 54.520721 47.545425 15.302179
85 57.153946 58.434376 13.152264
86 515.705505 59.338566 13.088863
87 58.762127 55.440563 14.558287
88 57.688255 55.729156 15.378904
89 290.032349 49.677002 11.580944
90 58.931019 64.042770 12.506880
91 56.597969 46.125034 14.396945
92 56.468872 51.843746 17.522009
93 53.331215 49.395370 15.480629
94 56.906395 54.503841 16.366947
95 55.048725 59.875195 15.081166
96 57.002308 53.108997 12.840550
97 56.430676 57.768070 17.101711
98 56.899605 57.515034 17.207594
99 57.956177 60.822784 14.716187
100 56.665863 61.274227 18.101269
